160	75359	5
131	52379	5
204	36160	5
283	22918	5
130	57305	5
146	68465	5
0	63231	5
204	67663	5
303	33641	5
286	34637	5
145	1948	5
221	2641	5
325	21474	5
160	55407	5
269	88542	5
342	38669	5
81	62367	5
0	70148	5
166	2823	5
204	37025	5
70	8083	5
292	4248	5
115	32015	5
197	16397	5
346	43263	5
88	16095	5
102	76543	5
283	13854	5
261	20204	5
248	13754	5
39	40337	5
15	40936	5
166	65934	5
70	72268	5
346	77398	5
20	43591	5
67	17569	5
106	70162	5
294	20204	5
257	68236	5
149	51434	5
191	88066	5
208	62367	5
203	33940	5
90	54753	5
91	2885	5
45	58258	5
308	27223	5
286	21940	5
137	37663	5
191	22654	5
177	28936	5
204	55684	5
294	26396	5
221	26711	5
185	60719	5
339	17068	5
72	63117	5
45	23833	5
73	33632	5
166	23959	5
81	54437	5
181	6464	5
325	51219	5
276	31634	5
117	8483	5
254	58564	5
106	43753	5
241	31227	5
284	10315	5
264	50604	5
294	46456	5
303	43259	5
348	53924	5
189	86205	5
127	89992	5
191	32098	5
251	39423	5
185	63268	5
29	52874	5
0	87013	5
251	52767	5
308	43082	5
112	81374	5
200	84938	5
13	12883	5
303	60257	5
305	31080	5
204	5551	5
70	36346	5
72	54868	5
291	63870	5
166	37863	5
91	10327	5
334	75049	5
316	82532	5
294	80386	5
220	41918	5
191	58172	5
221	70484	5
283	32589	5
267	15898	5
308	65454	5
83	29390	5
221	67295	5
57	90206	5
308	17439	5
288	15103	5
348	25653	5
248	36949	5
214	84478	5
109	64454	5
208	19013	5
140	51892	5
146	14980	5
29	69310	5
157	43259	5
166	54855	5
346	63922	5
241	74640	5
254	72156	5
6	62367	5
40	12742	5
308	29829	5
0	2459	5
241	49413	5
81	79732	5
8	62739	5
204	15344	5
321	44353	5
191	87683	5
207	9049	5
222	24286	5
204	67590	5
319	34212	5
13	62824	5
70	84644	5
275	29039	5
11	89777	5
303	41233	5
34	55020	5
13	34927	5
243	63138	5
254	34526	5
228	1859	5
187	68325	5
178	76551	5
302	3090	5
303	45829	5
345	81571	5
72	11285	5
168	4088	5
204	68028	5
204	62541	5
40	66775	5
178	63541	5
191	33722	5
166	74618	5
303	59775	5
204	84165	5
312	61026	5
228	26959	5
191	9502	5
228	4282	5
225	63412	5
225	88497	5
204	38987	5
160	27481	5
160	15866	5
206	23912	5
99	25010	5
156	81945	5
185	72979	5
308	8087	5
133	10339	5
214	47161	5
0	17915	5
118	13547	5
117	72611	5
88	19061	5
164	62054	5
191	71931	5
178	54	5
191	66327	5
103	79488	5
187	37131	5
294	71299	5
222	64441	5
260	83115	5
72	645	5
241	10586	5
254	53248	5
159	32408	5
248	60272	5
221	34453	5
0	59111	5
346	83541	5
114	50652	5
309	52900	5
228	50966	5
309	79875	5
118	48171	5
239	19040	5
117	60638	5
107	45232	5
338	61556	5
278	75297	5
45	29754	5
204	58247	5
137	15896	5
241	85160	5
169	46414	5
294	13035	5
261	39857	5
269	8275	5
111	26738	5
70	72421	5
232	74435	5
204	22918	5
47	52492	5
38	22179	5
149	57241	5
346	84756	5
312	16501	5
21	90350	5
252	31281	5
0	11727	5
228	47200	5
228	42218	5
260	55798	5
204	41406	5
84	8250	5
292	33624	5
72	83022	5
97	36633	5
241	58025	5
221	59929	5
160	88801	5
70	78618	5
30	22496	5
319	86765	5
174	29768	5
348	64570	5
13	31227	5
83	65140	5
185	84796	5
93	79733	5
72	15855	5
47	21919	5
173	29336	5
204	681	5
131	23912	5
204	71240	5
175	67754	5
169	55610	5
221	55605	5
342	63780	5
72	45901	5
228	7775	5
226	67286	5
185	2582	5
204	15639	5
87	49851	5
342	1781	5
334	6228	5
252	44917	5
185	35034	5
228	44379	5
191	4315	5
241	19061	5
85	639	5
166	59510	5
13	19061	5
204	20236	5
267	81382	5
103	82634	5
259	42191	5
204	49475	5
70	42255	5
239	77016	5
166	18858	5
160	34806	5
308	71325	5
346	21691	5
293	79174	5
241	9710	5
199	52734	5
220	6015	5
67	90024	5
185	428	5
40	71305	5
40	90845	5
40	37542	5
34	90364	5
38	46157	5
241	47052	5
197	63718	5
342	18465	5
169	4315	5
158	56674	5
173	9067	5
45	52874	5
292	48658	5
204	35540	5
2	13746	5
14	78896	5
6	8275	5
344	27759	5
241	55824	5
222	77395	5
222	56861	5
156	67697	5
185	11100	5
185	87967	5
131	53829	5
147	46751	5
346	5499	5
222	2377	5
346	78659	5
166	85950	5
204	36370	5
131	69791	5
102	31865	5
292	74481	5
309	64557	5
103	13086	5
204	47938	5
58	41135	5
241	43263	5
308	14969	5
191	61316	5
34	14411	5
339	949	5
191	83580	5
225	60226	5
74	82710	5
70	48001	5
259	71679	5
204	80500	5
190	32952	5
226	13176	5
233	82930	5
29	20733	5
145	25974	5
221	56057	5
204	63735	5
348	51255	5
157	63213	5
225	48642	5
45	33947	5
191	38889	5
260	51800	5
288	90951	5
266	7785	5
0	2993	5
15	67657	5
45	20756	5
84	29884	5
294	413	5
292	22574	5
207	76866	5
45	9609	5
84	34110	5
226	19061	5
46	42643	5
204	74329	5
200	67160	5
208	52827	5
34	35705	5
94	262	5
248	55927	5
204	68812	5
241	49475	5
303	48908	5
81	30933	5
79	72659	5
137	69448	5
191	33411	5
26	81851	5
288	46	5
70	82966	5
70	81694	5
177	4855	5
131	26389	5
288	69365	5
50	34292	5
348	73852	5
220	61478	5
341	69459	5
309	89592	5
346	58767	5
273	43263	5
239	32244	5
168	20786	5
166	19954	5
321	76881	5
235	33227	5
8	89541	5
204	1623	5
241	8442	5
23	27589	5
204	75769	5
344	69296	5
254	18628	5
97	57930	5
31	7693	5
215	324	5
308	30768	5
34	31650	5
241	67657	5
38	40299	5
70	44397	5
204	22412	5
45	5229	5
309	48975	5
127	33734	5
185	19954	5
50	22082	5
72	81135	5
72	52210	5
103	65140	5
239	73994	5
290	42458	5
308	18777	5
118	669	5
59	9605	5
226	3487	5
81	34115	5
70	51421	5
45	32981	5
34	30541	5
308	81652	5
332	53728	5
166	37516	5
81	18916	5
13	25623	5
191	83852	5
309	62845	5
70	84639	5
121	87345	5
191	6204	5
183	62711	5
111	40249	5
70	7166	5
88	64291	5
112	10780	5
197	51792	5
157	639	5
204	53826	5
220	66172	5
251	14935	5
44	45433	5
166	16086	5
50	55993	5
115	52776	5
204	49812	5
160	89641	5
267	90139	5
228	68125	5
70	79599	5
158	7568	5
191	69648	5
31	63066	5
57	74640	5
204	6062	5
251	90610	5
248	58720	5
45	19863	5
121	47078	5
45	5604	5
303	41493	5
348	18209	5
204	25143	5
149	75104	5
130	45268	5
309	80262	5
246	37686	5
117	5321	5
166	36472	5
166	59291	5
348	21597	5
41	86906	5
185	19530	5
200	82994	5
70	55899	5
191	43986	5
226	50005	5
221	49063	5
0	8145	5
300	3372	5
241	81534	5
72	46696	5
112	8562	5
204	87935	5
22	1921	5
204	68429	5
40	22338	5
146	43561	5
264	33973	5
220	33973	5
347	89541	5
226	58787	5
84	29178	5
70	15378	5
228	77530	5
294	78272	5
204	53296	5
288	17588	5
297	53631	5
123	38992	5
136	1127	5
70	34268	5
204	36346	5
46	10196	5
309	76085	5
4	69662	5
303	90964	5
239	1827	5
90	2510	5
342	81945	5
332	74878	5
103	36472	5
273	21844	5
292	88542	5
346	1599	5
283	90466	5
308	25791	5
191	51014	5
22	49475	5
72	34440	5
70	20291	5
228	8725	5
200	39728	5
168	74110	5
191	37906	5
45	2879	5
8	88497	5
287	44741	5
303	25763	5
228	25143	5
316	7148	5
303	26767	5
332	30377	5
70	6457	5
72	61549	5
232	57109	5
190	10109	5
70	54199	5
191	7599	5
22	70973	5
111	85315	5
303	14930	5
316	1855	5
344	61812	5
131	22945	5
15	34897	5
308	46788	5
276	90834	5
278	11379	5
318	50032	5
204	79917	5
204	39193	5
70	58795	5
40	62374	5
303	28802	5
91	16868	5
54	81116	5
204	55411	5
204	2639	5
190	30600	5
276	16994	5
191	66256	5
335	37998	5
316	68339	5
169	53316	5
84	5604	5
342	40757	5
204	56918	5
346	47745	5
166	65915	5
8	1759	5
300	16800	5
38	13035	5
254	14962	5
197	11727	5
142	61375	5
221	32969	5
185	53728	5
346	7474	5
201	1781	5
346	75821	5
204	61336	5
157	72955	5
156	19333	5
191	20035	5
190	85812	5
50	58933	5
303	83955	5
185	25971	5
29	64291	5
183	56286	5
70	70468	5
38	86576	5
234	90350	5
72	72138	5
51	45638	5
173	3228	5
191	66349	5
106	65709	5
48	27425	5
122	77072	5
257	49295	5
275	23153	5
221	13126	5
220	83202	5
40	37435	5
137	87005	5
204	51039	5
70	90820	5
297	57109	5
303	62845	5
228	26167	5
190	40239	5
154	34993	5
260	58205	5
228	85255	5
288	40482	5
102	24435	5
200	54679	5
197	65579	5
131	90394	5
241	50154	5
70	72985	5
332	17204	5
31	400	5
160	55824	5
221	53961	5
204	25791	5
147	82930	5
47	46117	5
207	73770	5
241	53248	5
276	60558	5
190	40631	5
239	81696	5
12	80359	5
312	27397	5
204	34993	5
274	10148	5
83	34371	5
342	76635	5
228	83541	5
215	79191	5
160	47745	5
288	61159	5
170	57746	5
61	22009	5
342	1827	5
109	78907	5
173	5799	5
344	62485	5
40	52124	5
151	31281	5
269	56286	5
204	217	5
348	68349	5
178	79267	5
208	74735	5
258	72925	5
207	593	5
189	82387	5
208	85160	5
195	6073	5
214	28656	5
294	40613	5
185	18522	5
40	47855	5
139	12648	5
166	58197	5
13	18885	5
346	19977	5
296	83523	5
207	29611	5
207	27879	5
294	68668	5
211	74679	5
169	12882	5
248	36642	5
221	33294	5
220	80987	5
348	84247	5
204	15477	5
220	26100	5
292	28203	5
201	65140	5
204	43383	5
204	21014	5
191	70175	5
190	7445	5
191	82903	5
111	58401	5
185	77368	5
108	55601	5
191	38730	5
197	38742	5
72	76615	5
192	10159	5
257	24215	5
228	50600	5
239	75839	5
199	90845	5
40	15304	5
221	54141	5
45	57396	5
70	41215	5
137	10393	5
22	83960	5
11	1052	5
199	3160	5
260	26279	5
118	1534	5
204	20035	5
173	43088	5
139	77072	5
139	85929	5
283	11906	5
111	3341	5
33	58747	5
11	10175	5
204	58889	5
137	11816	5
220	4884	5
204	40354	5
220	7091	5
260	65647	5
113	19694	5
221	4051	5
166	86635	5
137	49223	5
15	14424	5
10	50237	5
247	90845	5
23	8830	5
11	82935	5
344	29515	5
262	85842	5
185	34411	5
87	5044	5
348	18416	5
93	83196	5
200	58767	5
212	30541	5
204	29884	5
332	35588	5
103	2030	5
228	6745	5
100	71500	5
221	82499	5
169	78618	5
294	5807	5
204	49704	5
199	13316	5
40	6830	5
164	89577	5
309	21839	5
222	23729	5
346	23546	5
70	52874	5
254	79732	5
166	59798	5
228	39881	5
241	75816	5
118	81498	5
308	21181	5
13	79170	5
348	50604	5
228	18896	5
123	31041	5
40	89665	5
59	58767	5
346	50032	5
321	16519	5
204	23197	5
222	89820	5
70	51625	5
204	54375	5
221	16420	5
337	42969	5
164	51363	5
70	5799	5
212	45638	5
248	61507	5
196	71625	5
113	88924	5
95	62367	5
45	8543	5
222	1599	5
70	78428	5
204	34526	5
38	80455	5
72	35625	5
156	56485	5
102	27770	5
69	1468	5
334	9269	5
264	8562	5
147	26738	5
33	86045	5
348	59196	5
312	22883	5
278	53152	5
204	45588	5
228	78568	5
200	56299	5
204	58030	5
31	56461	5
3	17590	5
248	12560	5
45	55068	5
189	18704	5
303	33682	5
166	18688	5
69	58669	5
15	89699	5
54	50528	5
123	21916	5
13	27770	5
15	40337	5
303	72955	5
294	50807	5
149	9808	5
133	37159	5
76	4125	5
113	63412	5
348	17618	5
348	11167	5
70	73206	5
166	7936	5
308	13882	5
185	40017	5
182	73670	5
228	44379	5
247	17018	5
260	79541	5
45	50882	5
168	26167	5
91	72459	5
123	30323	5
72	51373	5
228	9605	5
276	28068	5
204	58711	5
70	32950	5
70	82710	5
159	28658	5
29	82903	5
51	28898	5
271	89415	5
274	43794	5
160	54226	5
151	1534	5
45	53279	5
222	52264	5
221	59663	5
59	47745	5
312	43077	5
204	50327	5
241	21069	5
206	20010	5
51	4051	5
241	6289	5
154	49322	5
47	39455	5
191	11486	5
200	53248	5
121	62690	5
103	40516	5
308	55232	5
40	46683	5
202	62178	5
191	55645	5
156	29814	5
191	18208	5
191	21904	5
204	3199	5
181	81622	5
288	13093	5
287	79194	5
83	52050	5
148	6801	5
11	72547	5
228	70717	5
333	43328	5
191	55192	5
254	47529	5
142	24898	5
185	26357	5
342	8968	5
207	12096	5
70	26330	5
85	56951	5
102	90820	5
45	25184	5
52	85229	5
100	44353	5
45	79732	5
316	11024	5
254	88891	5
88	58767	5
168	52874	5
276	67162	5
159	58669	5
84	50261	5
21	75581	5
204	23962	5
326	80359	5
106	81060	5
206	46456	5
131	70295	5
349	88542	5
137	81603	5
271	47193	5
326	90510	5
117	458	5
88	87005	5
100	44516	5
260	54694	5
102	41409	5
70	60381	5
294	25520	5
197	83200	5
87	82915	5
335	53577	5
204	10023	5
139	77395	5
342	32511	5
0	78189	5
228	8964	5
72	9913	5
204	52641	5
220	3127	5
321	6621	5
303	74347	5
222	47448	5
102	6289	5
85	50990	5
241	30933	5
213	51513	5
139	86431	5
137	45127	5
13	34718	5
1	5807	5
72	27815	5
208	29178	5
228	82259	5
241	5799	5
197	67978	5
11	54932	5
70	14756	5
220	37110	5
185	43960	5
118	45406	5
257	33118	5
70	75878	5
228	54897	5
83	9409	5
70	217	5
228	47594	5
178	8968	5
45	1448	5
51	19694	5
204	74478	5
35	44294	5
50	83771	5
226	83580	5
34	72563	5
321	46566	5
280	46456	5
133	62739	5
204	60012	5
166	35868	5
70	54706	5
309	61812	5
204	18021	5
344	42779	5
247	29814	5
339	13981	5
156	43794	5
59	84437	5
204	14660	5
34	22120	5
166	59003	5
102	49037	5
221	54428	5
134	47633	5
166	6823	5
95	69472	5
220	41698	5
283	43263	5
267	35881	5
100	69986	5
157	17973	5
309	42377	5
260	86981	5
308	70502	5
312	63517	5
52	59550	5
135	15056	5
204	52006	5
168	67657	5
251	61233	5
346	15206	5
237	80506	5
226	62367	5
312	54667	5
293	79174	5
188	16086	5
283	20722	5
273	58997	5
204	31252	5
11	41531	5
221	59464	5
254	68805	5
143	58235	5
204	85147	5
97	15898	5
183	30933	5
40	56975	5
344	14930	5
184	53757	5
204	48726	5
204	13677	5
283	29827	5
294	81234	5
232	88924	5
241	14115	5
241	66516	5
50	26932	5
70	8442	5
83	54613	5
221	69254	5
70	41884	5
339	90668	5
322	23833	5
197	74709	5
309	60257	5
204	38626	5
21	39904	5
184	44136	5
0	12535	5
61	72474	5
204	43082	5
191	53339	5
111	6759	5
245	84597	5
137	76554	5
342	18033	5
52	45300	5
302	57513	5
72	20159	5
241	75133	5
221	15627	5
156	37984	5
204	40544	5
45	84886	5
22	12293	5
157	11385	5
204	37968	5
308	7053	5
85	35113	5
345	12882	5
147	75797	5
204	32649	5
103	47855	5
74	78600	5
33	80517	5
309	86223	5
204	18803	5
131	89965	5
190	23473	5
118	87113	5
204	58025	5
13	6090	5
204	75822	5
97	59263	5
84	68101	5
303	78714	5
231	89108	5
204	45126	5
316	89284	5
84	23546	5
267	69380	5
87	46920	5
228	22150	5
303	15007	5
220	30588	5
346	1623	5
228	9027	5
275	71317	5
283	58375	5
72	64100	5
0	12112	5
59	82903	5
185	69835	5
157	47394	5
220	71517	5
69	1568	5
139	25464	5
4	79877	5
191	6398	5
208	34637	5
169	42689	5
84	44850	5
316	52850	5
303	69296	5
197	59422	5
67	1827	5
309	3387	5
13	53992	5
118	18209	5
72	65856	5
308	52262	5
195	81796	5
87	74957	5
228	2226	5
231	61159	5
303	42377	5
51	81498	5
45	65709	5
215	8939	5
269	90746	5
40	65915	5
349	57134	5
308	47722	5
189	81400	5
84	37025	5
36	25505	5
276	77498	5
228	55824	5
204	8183	5
241	65148	5
0	56461	5
236	84796	5
34	74094	5
200	23086	5
296	12597	5
51	31281	5
347	17390	5
70	90982	5
221	69140	5
225	65234	5
168	29941	5
348	34292	5
185	63576	5
292	18068	5
292	67770	5
185	36472	5
88	17023	5
40	63924	5
239	9176	5
140	15912	5
220	33977	5
67	65456	5
13	83915	5
67	58019	5
103	5093	5
288	17990	5
228	21904	5
191	39491	5
221	52478	5
251	26109	5
204	32701	5
222	14424	5
185	8982	5
166	79488	5
237	702	5
12	32936	5
126	71196	5
72	34379	5
157	74279	5
204	55971	5
130	8562	5
238	67657	5
204	29185	5
297	59960	5
166	84796	5
70	89610	5
228	53822	5
0	65110	5
156	702	5
45	70997	5
61	55207	5
346	1475	5
228	71248	5
8	63412	5
70	71418	5
45	82686	5
334	47720	5
173	69472	5
61	19139	5
102	19061	5
102	86989	5
166	19644	5
204	33424	5
122	58025	5
303	70320	5
118	66655	5
348	89544	5
226	52776	5
325	46416	5
103	58781	5
139	15138	5
204	69310	5
258	90845	5
109	86462	5
183	14479	5
303	81414	5
83	51057	5
51	23912	5
147	75356	5
65	38114	5
183	23552	5
189	36272	5
168	34806	5
31	42058	5
348	73308	5
264	51437	5
147	33973	5
228	41207	5
241	43482	5
252	44116	5
115	55824	5
147	60583	5
166	71261	5
160	58787	5
97	67320	5
191	83866	5
97	62601	5
220	29327	5
72	18796	5
13	53248	5
70	81122	5
288	25726	5
169	54226	5
70	14983	5
288	81974	5
216	44815	5
191	76303	5
160	26538	5
81	55824	5
241	79134	5
346	3228	5
222	81603	5
283	67055	5
116	16957	5
195	80667	5
294	29611	5
221	36254	5
45	12648	5
29	29941	5
241	551	5
337	10109	5
40	60650	5
186	45432	5
97	87023	5
308	85951	5
309	76085	5
288	55169	5
208	62747	5
204	14345	5
106	78594	5
131	52704	5
269	55824	5
204	44535	5
160	43082	5
156	59798	5
72	11098	5
221	34795	5
276	40338	5
222	85079	5
20	7445	5
222	35550	5
278	54035	5
204	13865	5
348	76389	5
70	12472	5
308	37364	5
260	35741	5
157	44742	5
134	38567	5
345	43753	5
247	86527	5
152	27125	5
248	46997	5
344	62845	5
160	83158	5
177	78592	5
131	65078	5
160	17268	5
40	2822	5
233	19361	5
103	55601	5
191	90922	5
271	11941	5
204	52958	5
191	63735	5
278	12288	5
70	58312	5
111	30541	5
152	50415	5
224	50669	5
308	84081	5
24	24680	5
262	34360	5
118	76608	5
222	20733	5
8	88924	5
23	62485	5
241	43753	5
241	27770	5
23	41493	5
157	80527	5
70	72197	5
157	69284	5
283	88542	5
283	27770	5
204	37906	5
51	63138	5
269	14479	5
303	8830	5
348	83698	5
168	37206	5
190	32408	5
292	55645	5
204	34423	5
123	69288	5
344	42377	5
220	47364	5
231	80235	5
51	33846	5
297	67589	5
286	12882	5
199	10315	5
204	8887	5
160	66015	5
24	89514	5
23	43259	5
70	79418	5
187	72474	5
166	82518	5
13	12482	5
197	13072	5
204	75244	5
70	82601	5
241	47089	5
31	74553	5
204	60990	5
322	90922	5
45	78693	5
36	69296	5
309	4481	5
79	23833	5
58	74349	5
198	83771	5
183	53234	5
149	28514	5
200	3366	5
334	65698	5
38	82416	5
239	2582	5
228	14228	5
36	18182	5
59	16330	5
157	30834	5
72	66112	5
36	76430	5
309	69998	5
139	83865	5
67	81215	5
204	83361	5
13	47745	5
191	74490	5
185	45650	5
204	8353	5
248	24880	5
165	38739	5
84	68812	5
191	10203	5
160	57060	5
309	65702	5
111	29039	5
26	10718	5
25	39856	5
173	72751	5
346	67160	5
145	13720	5
197	61717	5
130	7534	5
103	90350	5
11	87085	5
45	65939	5
166	16563	5
70	11295	5
292	35141	5
153	53248	5
40	3886	5
190	24255	5
72	36776	5
280	78988	5
221	43235	5
204	36408	5
234	702	5
103	85240	5
45	5408	5
204	9528	5
191	77124	5
6	56286	5
108	2582	5
346	86571	5
342	62305	5
259	75096	5
241	34897	5
222	83960	5
290	49109	5
303	81796	5
342	32896	5
34	54833	5
286	37880	5
70	88188	5
348	8050	5
70	87881	5
166	15056	5
346	39468	5
204	77398	5
273	38987	5
111	87169	5
325	65890	5
133	44961	5
72	13697	5
104	17018	5
72	55979	5
30	13775	5
179	43794	5
228	61436	5
343	89820	5
308	7900	5
253	72750	5
228	46872	5
84	7397	5
221	42520	5
166	6646	5
342	23868	5
159	68398	5
197	2993	5
29	56286	5
303	61812	5
130	59196	5
273	33158	5
100	57488	5
303	63970	5
247	13316	5
286	66015	5
111	47223	5
103	89511	5
97	65222	5
339	75769	5
166	52050	5
19	6665	5
34	14087	5
70	30453	5
313	25589	5
204	2307	5
51	11276	5
221	26816	5
9	74736	5
70	20343	5
204	47576	5
160	6688	5
225	56244	5
205	21761	5
41	82768	5
342	8772	5
222	53992	5
165	59938	5
8	874	5
72	30962	5
156	61483	5
288	90172	5
102	53363	5
204	39960	5
102	81831	5
321	66472	5
87	31360	5
239	76715	5
220	35705	5
262	79701	5
346	20228	5
52	65974	5
283	1310	5
208	80413	5
218	18006	5
97	89448	5
232	73579	5
201	90811	5
239	22841	5
226	29941	5
309	87745	5
292	90820	5
339	52827	5
126	72098	5
0	21034	5
316	21017	5
70	50327	5
83	26580	5
40	61313	5
111	15627	5
31	57437	5
139	15235	5
157	7259	5
226	74825	5
200	30593	5
315	82710	5
175	88746	5
319	51127	5
22	3832	5
241	66015	5
224	71302	5
303	31082	5
204	87059	5
166	26580	5
157	28610	5
160	27829	5
70	9038	5
346	50360	5
213	86302	5
173	82710	5
0	28656	5
40	16251	5
288	63388	5
309	37559	5
308	1411	5
22	6492	5
204	79123	5
197	8145	5
241	89820	5
344	42738	5
82	5807	5
81	5819	5
191	44397	5
149	26258	5
168	70519	5
140	34620	5
88	21691	5
72	32362	5
185	68079	5
348	32151	5
303	25505	5
161	9778	5
241	72156	5
192	51703	5
88	1027	5
348	25037	5
349	65709	5
0	16397	5
9	56454	5
294	35705	5
222	78659	5
191	56286	5
348	54899	5
241	39292	5
145	50556	5
190	43009	5
260	53740	5
200	50032	5
103	7835	5
349	23086	5
70	30768	5
204	55610	5
155	50580	5
316	15133	5
70	66106	5
157	62485	5
102	45097	5
19	11966	5
312	1127	5
326	84247	5
84	55796	5
102	59950	5
149	52008	5
30	10606	5
173	25623	5
117	74478	5
313	72010	5
228	87681	5
303	65702	5
30	15898	5
241	18686	5
183	15344	5
288	59328	5
342	35739	5
26	40412	5
81	43753	5
303	29515	5
226	58767	5
337	42245	5
70	8250	5
70	2639	5
292	32015	5
40	85240	5
309	639	5
137	33475	5
204	20362	5
288	36987	5
106	16295	5
137	70421	5
103	16812	5
253	36467	5
22	74640	5
297	7091	5
303	73153	5
139	190	5
309	71628	5
342	38152	5
106	90746	5
93	39098	5
146	45870	5
215	29180	5
19	5169	5
126	66107	5
157	24481	5
45	56394	5
254	74792	5
34	12659	5
294	81930	5
221	78730	5
204	90252	5
155	53248	5
88	4315	5
70	12342	5
35	64902	5
18	62739	5
204	85981	5
70	11852	5
294	86949	5
204	7053	5
166	14896	5
303	59106	5
40	5520	5
204	11868	5
241	74792	5
147	85799	5
185	31461	5
131	83051	5
185	8772	5
102	1921	5
70	74478	5
191	31139	5
97	19306	5
21	67528	5
147	19794	5
283	69880	5
65	77072	5
308	13882	5
248	46456	5
118	37315	5
97	3445	5
178	74942	5
185	42767	5
169	51904	5
69	18060	5
70	16434	5
288	10546	5
332	22793	5
84	43263	5
348	62739	5
139	20477	5
112	8438	5
97	31242	5
294	86089	5
117	40795	5
103	42219	5
228	58044	5
166	7265	5
191	42575	5
204	44379	5
41	68932	5
226	15206	5
70	90252	5
348	67070	5
185	64710	5
220	5800	5
174	50825	5
207	32836	5
13	56984	5
59	50649	5
92	57195	5
70	2035	5
197	48234	5
103	26580	5
125	47161	5
72	44012	5
283	29899	5
102	64245	5
283	47745	5
228	59898	5
321	65195	5
40	82672	5
236	53728	5
239	10121	5
15	37387	5
103	47140	5
185	43357	5
186	74733	5
13	39960	5
72	11527	5
220	56057	5
185	83699	5
95	12786	5
47	25513	5
11	78337	5
232	23047	5
303	42068	5
283	22562	5
98	9342	5
204	5658	5
160	58247	5
273	34806	5
222	856	5
275	73308	5
70	38942	5
228	15602	5
200	80857	5
221	35148	5
178	29285	5
215	2011	5
145	67944	5
51	67589	5
346	8725	5
348	39125	5
259	19620	5
157	14930	5
48	20110	5
283	39803	5
23	59775	5
282	55753	5
197	67839	5
308	72613	5
15	58025	5
283	15206	5
181	81065	5
234	73769	5
185	44064	5
160	71141	5
303	53921	5
160	33948	5
97	86084	5
208	67849	5
312	69202	5
191	49061	5
169	63104	5
344	33682	5
268	819	5
269	68013	5
61	18472	5
40	84795	5
38	831	5
220	48465	5
189	6473	5
282	65888	5
342	44796	5
136	84732	5
47	22615	5
251	81078	5
72	57125	5
0	11745	5
156	40757	5
289	11906	5
169	43481	5
222	40664	5
208	39299	5
286	43263	5
51	6759	5
276	57940	5
204	65308	5
346	5799	5
13	52776	5
204	52521	5
241	86653	5
228	18672	5
72	81116	5
191	70654	5
76	44211	5
168	70339	5
257	80081	5
316	78002	5
45	52918	5
131	4488	5
208	15427	5
346	72059	5
239	1835	5
234	16828	5
283	62367	5
166	77051	5
228	68281	5
72	35086	5
45	79288	5
47	86499	5
81	81603	5
157	62857	5
278	10785	5
191	85117	5
241	58787	5
191	46788	5
342	39455	5
294	30268	5
348	39252	5
21	77469	5
346	3483	5
254	15344	5
221	50917	5
191	66581	5
31	50816	5
342	57098	5
241	949	5
139	18381	5
339	76204	5
204	15378	5
70	39378	5
52	34174	5
204	83989	5
315	6289	5
160	72156	5
56	85240	5
348	71738	5
297	15172	5
86	68812	5
273	55824	5
22	75992	5
204	35420	5
251	76024	5
226	76293	5
241	64441	5
275	68927	5
72	3014	5
111	413	5
208	53909	5
342	28341	5
72	7928	5
49	62739	5
181	5044	5
197	15669	5
342	28321	5
195	36943	5
276	47352	5
187	3401	5
204	64765	5
147	77414	5
45	81571	5
0	63718	5
123	6978	5
239	68802	5
297	58401	5
118	89130	5
241	88137	5
45	33227	5
134	56404	5
247	37984	5
166	16828	5
204	16911	5
204	3480	5
29	58564	5
166	55197	5
49	1568	5
67	85972	5
50	44833	5
80	84597	5
70	62518	5
226	34806	5
294	86506	5
228	4702	5
241	78495	5
47	63289	5
348	82930	5
204	20587	5
202	82630	5
294	21142	5
0	74390	5
52	86271	5
344	69998	5
91	669	5
102	58767	5
262	3628	5
200	80973	5
40	43927	5
89	40000	5
335	59938	5
84	18359	5
84	4656	5
197	67939	5
204	23833	5
218	43821	5
13	19467	5
200	4702	5
166	90350	5
288	43701	5
241	41903	5
197	45647	5
40	64872	5
262	10159	5
116	50458	5
185	83334	5
151	77709	5
156	61676	5
156	51257	5
213	62739	5
260	86248	5
97	22350	5
32	43945	5
111	51623	5
222	34115	5
204	8868	5
292	90568	5
157	80527	5
21	10148	5
220	65047	5
226	21181	5
70	30256	5
220	49344	5
59	48336	5
117	35165	5
191	24759	5
260	3585	5
70	25341	5
97	19452	5
147	413	5
282	43752	5
213	77814	5
72	7225	5
344	48908	5
337	78822	5
70	39292	5
47	36431	5
112	50876	5
22	39830	5
185	51730	5
208	62751	5
117	84084	5
191	23938	5
13	27756	5
303	639	5
117	21574	5
308	15244	5
81	63529	5
204	47745	5
312	61458	5
185	1216	5
288	29807	5
70	82569	5
228	64298	5
84	61221	5
321	16345	5
13	5799	5
204	5037	5
294	874	5
185	5432	5
70	22974	5
157	61770	5
197	30789	5
166	56975	5
222	88542	5
220	47970	5
348	46372	5
197	12535	5
84	16330	5
303	62353	5
241	20236	5
61	90292	5
164	81313	5
241	55140	5
36	74306	5
115	58258	5
202	81400	5
168	20313	5
241	90568	5
204	64077	5
173	52877	5
103	60742	5
166	55338	5
113	88497	5
273	74640	5
70	55824	5
221	30263	5
200	59182	5
308	81329	5
276	43504	5
85	63511	5
84	1416	5
221	34912	5
29	75133	5
157	52482	5
91	6315	5
342	13060	5
197	25256	5
113	22696	5
348	44176	5
102	83151	5
21	83699	5
191	31524	5
156	74674	5
72	86874	5
293	60289	5
70	77690	5
40	45138	5
40	47195	5
204	28584	5
21	85240	5
149	23535	5
241	18628	5
290	16275	5
197	20625	5
19	43137	5
151	13755	5
169	73012	5
204	4120	5
70	34485	5
87	67743	5
102	4315	5
191	80521	5
160	37504	5
196	19313	5
348	314	5
271	66323	5
78	14590	5
185	36359	5
169	53992	5
45	65531	5
220	2594	5
228	70880	5
160	5216	5
221	64454	5
102	43753	5
303	7259	5
204	19080	5
118	9454	5
42	57746	5
228	23931	5
70	40653	5
283	59890	5
70	68446	5
123	90858	5
322	66015	5
198	25965	5
291	63714	5
113	48538	5
15	7608	5
147	40827	5
204	36242	5
288	42311	5
226	52827	5
186	8348	5
276	62551	5
67	24431	5
191	71314	5
332	29052	5
266	88666	5
303	47305	5
29	83580	5
309	70320	5
246	33319	5
204	52976	5
254	90434	5
228	80128	5
47	60382	5
221	72666	5
21	58781	5
152	7608	5
166	51993	5
62	83580	5
316	16860	5
87	37015	5
226	66015	5
335	79714	5
72	13081	5
348	56526	5
283	88436	5
11	68905	5
241	68812	5
266	89216	5
191	43088	5
226	51014	5
292	60566	5
204	72980	5
70	18628	5
11	50671	5
215	52408	5
204	56878	5
294	3191	5
51	10851	5
89	4061	5
254	50600	5
221	66999	5
29	84839	5
294	30541	5
185	66695	5
13	15508	5
21	79488	5
102	68028	5
216	8187	5
59	5604	5
0	33478	5
220	52478	5
253	56988	5
70	53826	5
308	81781	5
160	69733	5
204	38714	5
204	8981	5
70	28704	5
276	77206	5
166	8772	5
140	78928	5
166	50834	5
346	50600	5
207	43666	5
177	25745	5
228	39663	5
253	50604	5
348	22382	5
239	25227	5
346	62367	5
312	46416	5
47	82616	5
200	86595	5
204	18885	5
185	63990	5
309	86441	5
160	76136	5
301	39252	5
221	69978	5
25	30736	5
325	36058	5
59	62089	5
226	50638	5
103	62584	5
342	79320	5
70	13854	5
88	4263	5
139	27000	5
191	19061	5
56	34730	5
127	20008	5
200	45663	5
208	21691	5
106	51948	5
221	14000	5
221	83478	5
70	60768	5
70	6665	5
219	20083	5
204	90693	5
45	483	5
241	15138	5
228	66839	5
140	58819	5
319	52408	5
51	26738	5
157	31360	5
166	17036	5
78	1687	5
348	14413	5
133	7534	5
70	44535	5
70	57779	5
190	20494	5
269	36589	5
308	62953	5
226	23086	5
197	14493	5
34	11374	5
70	48131	5
228	54795	5
70	82647	5
241	15206	5
45	50005	5
70	81422	5
182	75695	5
70	9214	5
303	21542	5
228	18896	5
241	57134	5
213	7096	5
294	70632	5
13	69880	5
241	14424	5
70	11817	5
34	1081	5
177	16437	5
303	63511	5
260	75898	5
103	48233	5
98	24918	5
200	45900	5
191	66208	5
288	73708	5
204	4883	5
228	19876	5
283	58889	5
199	21246	5
283	12877	5
204	57769	5
241	23086	5
109	11724	5
139	81502	5
204	9328	5
348	45986	5
221	16867	5
344	48975	5
303	52900	5
308	29241	5
309	50035	5
70	46934	5
342	2582	5
208	35530	5
241	19013	5
204	77525	5
241	3228	5
317	54773	5
228	9528	5
52	41824	5
221	16710	5
18	46007	5
241	11513	5
316	74203	5
241	87005	5
312	53728	5
84	39624	5
157	20162	5
145	13720	5
157	37015	5
222	10393	5
312	21246	5
111	61219	5
130	28122	5
339	23833	5
69	7445	5
157	71014	5
204	80567	5
0	38742	5
0	28090	5
84	41928	5
70	35213	5
204	60701	5
31	86867	5
258	87661	5
70	38421	5
185	9746	5
204	68854	5
325	39080	5
22	85449	5
269	53234	5
81	88891	5
185	53163	5
121	61507	5
140	28030	5
70	25024	5
9	73598	5
46	25636	5
309	78714	5
204	62753	5
294	33973	5
23	44742	5
308	37876	5
226	51904	5
70	10526	5
45	51904	5
26	40703	5
45	27452	5
349	18667	5
241	15344	5
72	64431	5
40	21267	5
185	53085	5
42	42738	5
344	38977	5
308	48336	5
74	30394	5
29	18628	5
72	43499	5
30	67545	5
222	72156	5
198	87175	5
123	54576	5
111	21105	5
208	49375	5
40	46416	5
169	65148	5
348	11276	5
222	68461	5
29	51014	5
200	19632	5
72	72511	5
226	83541	5
344	72955	5
84	71303	5
344	62790	5
185	74217	5
11	10480	5
70	5169	5
214	31922	5
241	56286	5
245	8772	5
22	58025	5
204	64071	5
197	42375	5
81	65709	5
36	4872	5
157	4213	5
195	48964	5
303	48975	5
142	24457	5
12	39015	5
72	86084	5
207	83589	5
118	47223	5
166	59171	5
312	37402	5
31	49980	5
273	78190	5
283	6289	5
344	79963	5
191	50931	5
204	71418	5
292	57976	5
13	4315	5
215	59476	5
303	61000	5
280	74094	5
308	58312	5
204	15625	5
294	46389	5
200	8554	5
134	11355	5
228	67794	5
45	37595	5
303	71628	5
228	20227	5
221	56	5
168	16030	5
69	82085	5
88	37206	5
70	73741	5
127	72126	5
70	80020	5
325	51277	5
251	58384	5
204	70784	5
166	46329	5
149	1687	5
51	74041	5
85	26440	5
42	72080	5
213	50687	5
185	79203	5
203	9802	5
226	82903	5
166	63990	5
178	24430	5
241	14479	5
292	19977	5
29	30933	5
209	38899	5
137	90820	5
204	12657	5
61	30194	5
13	31374	5
200	66670	5
294	89541	5
273	58025	5
139	6065	5
15	9331	5
118	13464	5
22	1650	5
15	56816	5
185	23868	5
303	27589	5
160	8765	5
251	45636	5
313	37956	5
348	84571	5
29	83522	5
349	18628	5
131	18321	5
173	6289	5
288	67430	5
40	1781	5
191	11380	5
185	47175	5
156	32530	5
13	87923	5
168	51937	5
75	56286	5
241	88891	5
343	51519	5
326	11257	5
72	2246	5
241	61239	5
284	40431	5
84	29768	5
70	79825	5
12	84247	5
87	87132	5
106	80379	5
134	42933	5
158	30025	5
348	33846	5
232	86137	5
31	88810	5
157	29451	5
100	46566	5
204	20326	5
221	79675	5
232	78838	5
23	71971	5
70	89631	5
29	90922	5
122	69472	5
121	31281	5
72	77890	5
24	38958	5
292	33475	5
205	50825	5
45	69000	5
88	74110	5
220	39370	5
204	36495	5
74	40033	5
168	52918	5
308	31159	5
70	41661	5
313	47594	5
139	18874	5
139	144	5
191	81575	5
344	28802	5
70	80128	5
70	21888	5
47	90845	5
115	53992	5
191	18211	5
348	10339	5
185	65797	5
72	24194	5
191	6673	5
75	8275	5
241	6741	5
70	78587	5
70	60623	5
241	31348	5
40	86357	5
248	21958	5
208	50005	5
195	28802	5
294	41929	5
49	874	5
162	74679	5
33	47044	5
118	18694	5
228	5528	5
222	22564	5
45	53248	5
221	29611	5
70	31616	5
208	29136	5
339	14115	5
47	83339	5
26	32706	5
70	49670	5
241	65691	5
0	75227	5
346	66992	5
166	1827	5
228	25685	5
346	90778	5
348	42646	5
70	27770	5
346	70339	5
22	52827	5
226	38114	5
312	4674	5
204	35784	5
157	5084	5
239	23703	5
344	30063	5
40	7993	5
160	20733	5
342	11773	5
311	44961	5
70	50638	5
179	55015	5
24	64901	5
241	51014	5
70	13882	5
13	18628	5
221	19418	5
283	10526	5
317	60933	5
87	12650	5
339	43263	5
267	87023	5
197	6017	5
103	74331	5
147	47504	5
172	61206	5
348	12355	5
34	83298	5
185	13911	5
100	18364	5
181	35396	5
313	57060	5
233	74736	5
70	16476	5
133	54403	5
257	55027	5
160	39367	5
49	71738	5
204	13624	5
166	7943	5
22	50005	5
228	9991	5
222	52377	5
84	44815	5
204	33721	5
185	70769	5
76	77771	5
34	33846	5
241	51948	5
34	77301	5
312	46160	5
187	22933	5
204	46350	5
106	26569	5
147	74781	5
164	24326	5
306	74640	5
346	69880	5
308	32357	5
110	12762	5
303	38977	5
140	26159	5
204	45946	5
271	13827	5
204	4468	5
222	32701	5
61	6117	5
207	43154	5
241	38251	5
200	6984	5
13	28087	5
84	52458	5
347	7534	5
92	80265	5
226	89641	5
87	87132	5
123	57596	5
67	85044	5
259	53826	5
152	66992	5
191	62367	5
157	22020	5
222	39039	5
308	52377	5
348	63138	5
342	29814	5
204	19362	5
308	85255	5
157	21548	5
102	80540	5
173	11906	5
347	68560	5
74	88891	5
308	41692	5
152	48932	5
114	16868	5
312	48608	5
157	32403	5
325	37703	5
31	7392	5
208	49413	5
348	20204	5
13	3228	5
22	949	5
204	1413	5
339	69472	5
147	4670	5
112	52929	5
344	61000	5
346	83580	5
139	62226	5
284	8104	5
156	20704	5
204	6819	5
204	18138	5
70	1126	5
50	81556	5
226	10803	5
337	3258	5
13	43038	5
142	65195	5
17	79507	5
196	89020	5
45	33205	5
344	63511	5
234	63714	5
164	86302	5
267	11613	5
30	78654	5
309	79120	5
0	21861	5
301	7534	5
40	17168	5
178	66632	5
292	65531	5
303	71848	5
197	12112	5
325	60585	5
204	38994	5
308	7258	5
157	61183	5
13	5960	5
204	37660	5
185	22506	5
13	37929	5
204	51005	5
241	83580	5
130	34165	5
44	64224	5
185	38669	5
26	90934	5
185	5058	5
98	6660	5
294	84247	5
0	30066	5
11	87724	5
23	66165	5
287	26720	5
269	56984	5
107	61507	5
199	89269	5
84	90820	5
8	23047	5
70	58931	5
348	5807	5
70	9672	5
325	2012	5
204	26159	5
72	88098	5
204	60444	5
228	26228	5
308	79167	5
342	37435	5
74	23546	5
200	89800	5
297	86137	5
81	60873	5
2	70696	5
157	6073	5
260	35124	5
47	32503	5
309	23873	5
228	18359	5
308	8926	5
69	75975	5
228	72193	5
348	89541	5
70	24019	5
228	8981	5
348	55576	5
228	87245	5
137	60312	5
204	32625	5
191	62157	5
11	28646	5
294	85315	5
276	10935	5
308	17363	5
348	41279	5
339	58767	5
32	86753	5
185	29205	5
40	11463	5
166	69428	5
72	2918	5
23	56951	5
273	30933	5
232	25831	5
70	13176	5
245	16825	5
348	42703	5
228	62196	5
100	16345	5
72	49272	5
312	90845	5
117	73366	5
200	67298	5
178	44975	5
72	75864	5
316	38452	5
221	15779	5
125	63679	5
72	17625	5
263	83580	5
102	44472	5
160	14479	5
146	47009	5
204	18628	5
117	90594	5
74	65531	5
204	84434	5
83	2030	5
69	50334	5
189	16447	5
228	58172	5
292	78534	5
72	15595	5
312	53085	5
23	84897	5
160	54537	5
45	67657	5
70	78600	5
228	5797	5
151	9777	5
228	67461	5
134	33241	5
84	77072	5
118	15172	5
349	62711	5
0	61509	5
226	67657	5
109	22025	5
241	4263	5
185	46848	5
34	11506	5
232	28730	5
232	44294	5
251	57015	5
157	87361	5
283	64291	5
45	43481	5
309	35113	5
70	76803	5
70	30110	5
204	70502	5
102	34025	5
283	52641	5
284	8968	5
74	25331	5
140	56913	5
149	65754	5
90	53571	5
90	1534	5
280	33846	5
309	82656	5
70	11868	5
47	8204	5
191	3054	5
148	73079	5
318	9358	5
226	5799	5
118	46210	5
172	31716	5
204	59017	5
248	69459	5
189	87318	5
176	20285	5
258	53824	5
278	48359	5
220	23327	5
72	28970	5
346	29899	5
87	429	5
292	40252	5
220	51513	5
95	6492	5
207	32909	5
254	77398	5
228	58196	5
248	30541	5
104	50296	5
204	39132	5
191	71942	5
45	15255	5
45	52827	5
70	62881	5
343	65709	5
97	45908	5
70	8760	5
9	42952	5
72	53957	5
149	3167	5
346	72156	5
241	1921	5
283	18628	5
0	41959	5
226	18705	5
84	20227	5
191	64533	5
106	63529	5
195	17973	5
166	36986	5
72	77303	5
181	32291	5
278	12762	5
257	74024	5
215	17556	5
117	19262	5
157	69253	5
251	54602	5
204	41972	5
213	74169	5
317	55313	5
189	52938	5
17	887	5
316	59954	5
232	49762	5
260	45713	5
204	1921	5
294	39015	5
166	64872	5
38	38849	5
70	38114	5
176	73255	5
207	51912	5
186	29195	5
335	33808	5
204	30620	5
177	13878	5
178	77915	5
50	14429	5
290	48133	5
308	12388	5
349	9166	5
204	32365	5
204	27829	5
226	51949	5
146	58204	5
72	77516	5
345	1640	5
59	30933	5
221	20896	5
70	11624	5
6	9067	5
308	20499	5
301	80359	5
221	27027	5
241	21691	5
29	74640	5
145	34845	5
309	82649	5
266	14952	5
70	82866	5
307	10175	5
139	54700	5
313	35004	5
204	65112	5
74	69310	5
207	25602	5
325	79014	5
197	90390	5
190	46602	5
103	11580	5
29	53992	5
185	90559	5
308	79917	5
89	64291	5
22	58375	5
50	61408	5
262	21221	5
111	50690	5
173	1921	5
109	83431	5
169	700	5
169	72528	5
204	47087	5
204	38680	5
276	63944	5
204	67539	5
342	10315	5
34	63064	5
204	58959	5
239	2501	5
343	25092	5
50	26838	5
50	8801	5
175	2367	5
241	36364	5
70	58242	5
147	59963	5
239	5954	5
292	43481	5
197	63679	5
333	84870	5
173	34718	5
29	14479	5
191	51910	5
191	62885	5
29	68028	5
11	62210	5
291	28341	5
204	40659	5
58	88924	5
88	21797	5
248	86949	5
140	60783	5
258	22615	5
72	73759	5
221	314	5
239	47855	5
70	52795	5
34	24326	5
294	69459	5
190	3051	5
97	18261	5
157	27589	5
70	13727	5
157	47305	5
40	63090	5
241	40033	5
207	80899	5
152	78594	5
204	70332	5
322	64291	5
204	278	5
260	10899	5
168	20035	5
206	55757	5
83	34260	5
166	12060	5
38	2182	5
189	3922	5
241	70880	5
239	31243	5
137	47179	5
69	27983	5
189	89956	5
0	25686	5
61	10546	5
309	55042	5
191	8570	5
204	949	5
293	37587	5
97	5650	5
122	57408	5
164	16533	5
84	39828	5
70	24048	5
72	32118	5
110	75282	5
321	84837	5
89	4702	5
157	61000	5
149	7988	5
70	22836	5
59	43753	5
164	51513	5
221	10562	5
308	39011	5
241	70973	5
97	61518	5
228	2377	5
312	53932	5
241	58375	5
70	88542	5
241	4216	5
308	37825	5
166	85950	5
0	45647	5
204	53690	5
204	11139	5
72	91058	5
204	60232	5
70	65005	5
169	88188	5
292	88891	5
257	80506	5
221	31873	5
156	13305	5
123	21972	5
50	6777	5
45	64291	5
220	56389	5
70	37025	5
220	23095	5
303	36943	5
348	58401	5
166	63090	5
348	46527	5
40	5865	5
311	24478	5
160	81593	5
294	45067	5
159	31151	5
87	68060	5
204	28163	5
72	40023	5
206	27001	5
186	79509	5
241	65022	5
241	59890	5
185	79581	5
45	15138	5
220	45445	5
181	41551	5
257	38142	5
59	2377	5
228	8760	5
243	7534	5
332	15918	5
222	44850	5
61	53503	5
213	9100	5
316	82902	5
220	80021	5
157	56460	5
185	10167	5
45	55610	5
142	51819	5
62	33104	5
303	12650	5
13	9678	5
222	15138	5
232	14863	5
241	83541	5
346	32425	5
70	28520	5
114	88756	5
303	59633	5
190	4923	5
130	80359	5
70	43220	5
241	34806	5
36	44742	5
221	43260	5
185	39455	5
312	11740	5
166	79320	5
164	41975	5
52	4434	5
103	34371	5
241	8981	5
147	18209	5
204	23001	5
185	48164	5
308	26795	5
251	65620	5
34	45532	5
185	8491	5
189	13768	5
323	8832	5
204	41442	5
72	75980	5
185	24278	5
34	81930	5
84	80935	5
95	69880	5
283	52827	5
185	1127	5
241	53234	5
294	79030	5
208	59890	5
70	29011	5
98	17166	5
183	12256	5
189	63896	5
11	15266	5
166	28005	5
220	73477	5
204	69000	5
106	21834	5
29	43753	5
267	1687	5
222	59417	5
103	61483	5
208	39616	5
109	60676	5
338	37905	5
70	28095	5
29	57060	5
262	87020	5
222	55824	5
103	85541	5
146	57688	5
200	54174	5
122	74110	5
294	39242	5
241	29768	5
204	76015	5
191	76297	5
11	63165	5
347	34509	5
185	49339	5
204	4216	5
70	21751	5
346	18628	5
90	69459	5
303	44742	5
342	85240	5
204	81603	5
220	72180	5
325	83642	5
156	84796	5
316	57437	5
309	90986	5
204	80195	5
297	86949	5
112	11167	5
50	86005	5
133	73579	5
109	68383	5
72	31317	5
34	74736	5
29	15344	5
147	41869	5
188	36617	5
294	60639	5
294	82060	5
308	27452	5
332	68079	5
115	6398	5
239	59423	5
185	18688	5
173	33867	5
349	45819	5
222	37880	5
226	62760	5
204	7620	5
278	19081	5
202	45859	5
252	73870	5
208	46206	5
312	71305	5
204	16	5
204	27246	5
189	70010	5
45	257	5
97	71608	5
248	61802	5
266	88666	5
127	58763	5
72	13593	5
191	62196	5
52	6975	5
191	37025	5
123	67331	5
241	79732	5
166	7039	5
41	16186	5
70	19632	5
72	30154	5
191	63367	5
206	55416	5
97	18217	5
339	41903	5
260	89007	5
204	35416	5
50	80058	5
241	2938	5
204	75517	5
222	90820	5
178	26896	5
72	5194	5
61	50781	5
149	32766	5
160	40984	5
185	76703	5
130	86194	5
137	89641	5
220	49518	5
139	37634	5
226	11295	5
166	80034	5
303	17973	5
94	57060	5
40	48782	5
283	5799	5
339	681	5
308	22543	5
89	65691	5
185	57628	5
348	28351	5
256	54454	5
204	8087	5
204	58177	5
221	76628	5
45	348	5
340	48287	5
185	50925	5
72	7381	5
344	6073	5
208	72156	5
260	21779	5
228	75952	5
83	80089	5
197	61374	5
228	60236	5
315	14115	5
191	58375	5
346	58025	5
204	55824	5
85	20579	5
309	38532	5
286	78568	5
80	46329	5
139	90206	5
342	90350	5
222	50600	5
291	26720	5
84	59643	5
157	60096	5
297	52542	5
312	49028	5
204	39225	5
11	78186	5
308	82601	5
208	52776	5
342	17422	5
51	6642	5
72	56399	5
221	76758	5
309	62790	5
308	69271	5
241	33742	5
200	15082	5
72	62443	5
70	80935	5
58	11167	5
226	85429	5
149	26722	5
45	76293	5
70	47179	5
185	76658	5
185	55805	5
166	49497	5
84	35304	5
346	929	5
185	52862	5
222	6797	5
208	58767	5
88	29941	5
209	3780	5
17	75466	5
311	38963	5
197	61114	5
13	49413	5
228	16330	5
13	88436	5
103	90026	5
226	59890	5
241	32968	5
204	9473	5
348	74962	5
241	58597	5
185	41606	5
147	77991	5
342	41351	5
241	38114	5
13	9358	5
312	42271	5
303	31682	5
123	16264	5
81	58025	5
309	33641	5
152	58564	5
72	43752	5
70	84036	5
220	21814	5
316	86867	5
166	39080	5
169	49120	5
283	43219	5
239	6300	5
197	42544	5
13	30509	5
204	60833	5
131	10448	5
228	47087	5
178	46975	5
200	65531	5
348	63726	5
166	35222	5
226	82631	5
137	19977	5
341	50690	5
22	65531	5
204	50038	5
241	64712	5
88	40337	5
84	21834	5
102	43263	5
276	10973	5
312	85240	5
294	47223	5
346	76504	5
308	88188	5
72	69073	5
166	80142	5
315	49475	5
316	25686	5
204	89800	5
221	4723	5
72	40661	5
226	54226	5
102	14962	5
83	48689	5
258	54215	5
204	79527	5
70	69651	5
30	9206	5
45	33721	5
222	9038	5
337	9685	5
191	41884	5
22	34633	5
241	27221	5
40	61791	5
13	50825	5
220	6883	5
122	85160	5
228	22654	5
267	14590	5
191	75821	5
220	81565	5
189	18631	5
204	36167	5
204	78659	5
241	15924	5
181	85379	5
34	22203	5
239	86357	5
30	63817	5
334	28100	5
274	13316	5
288	44598	5
112	73579	5
228	11637	5
52	90434	5
342	21246	5
348	78459	5
100	11556	5
117	27270	5
316	54751	5
204	88188	5
294	18835	5
83	42249	5
348	74736	5
143	87250	5
269	71141	5
225	44294	5
181	23718	5
195	37015	5
345	949	5
45	20460	5
70	17023	5
85	6073	5
292	19061	5
348	76590	5
337	52376	5
166	37512	5
21	54215	5
334	60039	5
241	9358	5
204	88891	5
52	21266	5
204	65939	5
185	776	5
189	77303	5
153	77739	5
166	72979	5
195	45017	5
59	46637	5
17	70412	5
117	48865	5
267	4052	5
267	10606	5
256	57241	5
204	64713	5
178	29814	5
83	85240	5
313	84943	5
47	86782	5
348	36123	5
40	29646	5
204	81889	5
206	10339	5
228	66507	5
39	34718	5
24	27538	5
70	7283	5
276	19830	5
40	39751	5
204	82508	5
204	1455	5
149	46736	5
268	5919	5
294	59196	5
45	10758	5
84	68028	5
51	35705	5
241	6797	5
0	62908	5
0	63679	5
323	43263	5
228	9850	5
291	19333	5
70	26828	5
87	36943	5
204	90124	5
70	66581	5
349	64245	5
254	23546	5
1	64613	5
191	23850	5
160	88242	5
87	60324	5
10	78734	5
8	19361	5
191	21069	5
305	84694	5
184	28717	5
196	23546	5
185	85353	5
113	57109	5
103	33767	5
238	85229	5
131	86137	5
239	36617	5
72	71333	5
118	7830	5
70	78190	5
157	6010	5
228	5910	5
241	57060	5
349	52874	5
83	65797	5
170	62845	5
157	56951	5
342	58204	5
185	18027	5
312	36359	5
61	9789	5
100	40362	5
70	20236	5
169	84950	5
228	68776	5
306	58597	5
29	70973	5
191	54405	5
241	50360	5
36	63511	5
213	84813	5
149	61518	5
239	36058	5
185	64599	5
61	79191	5
326	65665	5
70	61906	5
70	72610	5
5	43658	5
221	18247	5
204	13981	5
291	59322	5
283	58787	5
29	88542	5
185	21088	5
308	34909	5
72	62228	5
72	23576	5
87	53092	5
308	78865	5
45	6062	5
226	79134	5
147	65419	5
204	12363	5
228	18875	5
271	17780	5
111	78174	5
342	74370	5
91	20741	5
211	36874	5
47	53728	5
254	81534	5
45	54916	5
202	63817	5
260	90143	5
185	77964	5
185	79823	5
204	71340	5
8	57109	5
348	7534	5
189	58368	5
303	71971	5
226	83960	5
178	75991	5
185	81107	5
93	84701	5
294	8265	5
160	81493	5
72	67443	5
160	15344	5
185	49327	5
345	51904	5
129	65378	5
191	48346	5
347	16836	5
309	66253	5
40	1127	5
239	81827	5
34	49733	5
220	73577	5
70	83435	5
70	20259	5
316	32813	5
185	31298	5
175	85328	5
228	27039	5
344	68840	5
0	61717	5
196	16700	5
103	53728	5
45	18628	5
40	26468	5
309	43259	5
263	62541	5
73	1819	5
87	28590	5
197	68155	5
204	50710	5
17	60670	5
115	89547	5
191	49219	5
348	80246	5
134	68058	5
197	41831	5
140	85147	5
70	9067	5
70	67849	5
162	43971	5
294	18251	5
103	71305	5
312	78700	5
342	17018	5
226	46573	5
137	11866	5
81	52874	5
221	87856	5
269	6065	5
48	2021	5
335	63560	5
348	73579	5
178	89269	5
86	65709	5
185	41952	5
72	83782	5
72	46513	5
190	14090	5
339	37929	5
157	69296	5
204	2732	5
59	71248	5
185	5973	5
283	43038	5
191	76537	5
297	19694	5
34	69059	5
225	19570	5
31	59954	5
220	20619	5
40	72141	5
342	84796	5
267	68884	5
126	14816	5
225	27514	5
191	79303	5
239	87585	5
70	44870	5
264	20204	5
197	86663	5
226	85229	5
235	23086	5
22	39011	5
321	28795	5
221	82060	5
185	19465	5
204	18612	5
45	58001	5
303	80262	5
31	16302	5
190	67161	5
221	46456	5
161	21645	5
239	42291	5
339	85229	5
271	73551	5
348	61146	5
204	35304	5
342	22883	5
157	29515	5
251	18926	5
70	1640	5
31	78089	5
0	27282	5
135	16501	5
219	48908	5
220	47569	5
102	33396	5
303	86772	5
9	46935	5
260	29192	5
40	39126	5
166	6300	5
204	22974	5
15	55824	5
84	19313	5
83	65788	5
204	61850	5
271	27412	5
239	68220	5
61	79317	5
19	79980	5
70	91037	5
103	57065	5
185	19906	5
294	60272	5
70	38311	5
111	5165	5
308	26328	5
72	44147	5
303	37559	5
204	40984	5
15	68028	5
241	9067	5
241	16270	5
185	61675	5
149	74117	5
342	50764	5
294	78856	5
191	42174	5
325	90905	5
232	49661	5
321	70790	5
278	9119	5
83	1145	5
131	39978	5
222	46153	5
339	5604	5
131	22382	5
206	15627	5
294	43968	5
308	9986	5
3	22156	5
196	35304	5
325	8204	5
186	38685	5
13	54333	5
221	31870	5
50	26838	5
241	58767	5
31	31338	5
22	41661	5
185	53218	5
202	14590	5
288	34373	5
49	10339	5
47	79305	5
239	11885	5
117	35273	5
102	77923	5
103	18522	5
146	89050	5
84	76962	5
222	75390	5
131	67944	5
248	12125	5
204	32114	5
34	16382	5
166	76412	5
228	43220	5
40	70125	5
333	39606	5
213	53050	5
220	1534	5
159	40631	5
137	68028	5
34	20204	5
191	12882	5
88	67657	5
308	33699	5
169	82197	5
137	46879	5
70	40712	5
11	80810	5
115	58025	5
288	84173	5
204	87788	5
241	21834	5
18	19227	5
34	31281	5
228	90442	5
70	12363	5
292	16207	5
204	55303	5
189	45454	5
70	43280	5
346	67657	5
220	71947	5
340	53697	5
339	47179	5
185	22841	5
72	77087	5
69	43315	5
11	71599	5
241	77395	5
31	86377	5
346	84835	5
197	18900	5
248	17048	5
45	17476	5
309	33682	5
113	21958	5
118	6602	5
303	5584	5
248	46988	5
88	15344	5
204	89799	5
313	71838	5
54	48401	5
164	28480	5
173	50005	5
81	47052	5
133	43262	5
292	83960	5
45	74792	5
303	68840	5
308	690	5
204	88066	5
95	88542	5
137	33551	5
283	38251	5
160	22654	5
88	75118	5
313	86655	5
220	64862	5
292	60404	5
186	55678	5
45	47745	5
348	73359	5
228	68805	5
191	47052	5
160	89820	5
70	52443	5
303	33563	5
102	78600	5
283	83580	5
5	87404	5
70	63982	5
222	51666	5
337	20879	5
342	55601	5
97	79877	5
208	949	5
226	22918	5
70	42485	5
149	2113	5
175	81475	5
183	89765	5
72	50800	5
228	38119	5
34	29611	5
19	69475	5
312	75342	5
70	82427	5
292	73272	5
70	80004	5
98	62551	5
236	45535	5
117	32565	5
34	7603	5
204	1030	5
36	39376	5
157	28802	5
307	32592	5
70	66305	5
100	81214	5
82	59196	5
204	33624	5
30	40338	5
61	69288	5
83	27873	5
70	50776	5
52	1921	5
208	11906	5
326	79982	5
228	57426	5
70	46872	5
67	18341	5
23	25505	5
286	8442	5
118	7534	5
45	54333	5
198	33030	5
239	3287	5
70	26228	5
191	81058	5
166	9753	5
70	80585	5
287	83113	5
208	81438	5
40	72948	5
166	33465	5
289	83960	5
340	32543	5
303	36126	5
204	11817	5
191	63529	5
185	12060	5
45	51014	5
70	47089	5
254	37321	5
308	56728	5
70	3680	5
40	84969	5
337	54035	5
232	20399	5
72	10878	5
21	68220	5
160	12388	5
308	58586	5
342	702	5
248	73828	5
100	88981	5
228	9036	5
115	31139	5
222	41437	5
0	41305	5
228	50261	5
288	57961	5
84	4315	5
226	18628	5
160	33227	5
117	34718	5
241	68028	5
154	10968	5
288	60654	5
303	80667	5
288	67434	5
334	67209	5
102	40337	5
166	86357	5
348	38709	5
332	79545	5
257	56960	5
166	12860	5
59	33119	5
283	76303	5
23	65702	5
267	38980	5
316	16858	5
312	59032	5
303	79120	5
303	21687	5
72	12284	5
84	63529	5
113	35332	5
99	43752	5
136	86527	5
294	9520	5
309	69296	5
204	84559	5
248	31281	5
156	58204	5
342	41448	5
81	81714	5
109	38117	5
185	77201	5
87	17973	5
14	66754	5
187	39192	5
164	63899	5
130	20061	5
70	45663	5
166	30411	5
204	38120	5
84	6667	5
308	58869	5
342	84732	5
204	62196	5
303	37015	5
294	10339	5
288	87978	5
220	5441	5
15	21069	5
36	43259	5
228	90669	5
308	71308	5
191	10023	5
309	86772	5
90	43678	5
241	57408	5
199	29814	5
204	64245	5
325	24160	5
293	54576	5
241	66992	5
72	2234	5
303	35113	5
45	80172	5
70	59692	5
226	51396	5
118	37572	5
70	13450	5
264	86194	5
152	31227	5
72	47270	5
226	19013	5
113	25575	5
178	57190	5
197	31922	5
178	67746	5
204	11175	5
191	39066	5
70	26327	5
13	72659	5
88	56286	5
204	7547	5
204	59417	5
102	47179	5
241	3038	5
50	1999	5
183	64441	5
309	30063	5
129	1640	5
342	19333	5
54	9577	5
178	5451	5
118	20204	5
204	46872	5
303	30736	5
115	37904	5
